T13 0 20
T7 20 25
T10 25 36
T3 36 50
T4 50 55
T19 55 60
T1 60 92
T8 92 99
T0 99 101
T17 101 106
T5 106 118
T9 118 152
T16 152 159
T6 159 196
T15 196 207
T2 207 212
T12 212 244
T11 244 272
T14 272 278
T18 278 284
B8 0 1
B4 1 8
B6 8 17
B5 17 39
B0 39 49
B13 49 131
B2 131 150
B12 150 160
B1 160 168
B11 168 186
B9 186 219
B3 219 224
B10 224 261
B7 261 284
3 41 16 8 10 26 25 26 44 54 30 47 37 56 32 50 49 10 26 48 0 32 53 50 16 0 17 19 20 45 48 47 62 45 41 48 0 18 12 45 53 60 49 51 57 10 58 50 49 35 0 4 28 43 25 0 55 32 43 43 0 43 42 56 21 55 43 11 52 63 54 22 22 61 19 42 5 13 48 4 36 29 29 7 19 19 44 19 54 6 43 28 0 52 47 53 16 34 10 0 31 0 30 42 32 19 0 28 11 4 59 51 56 20 16 8 39 10 0 14 56 28 43 4 25 49 3 38 33 38 33 56 31 62 54 62 12 45 43 15 3 43 25 54 56 28 63 50 6 63 61 49 0 37 38 48 3 20 4 0 45 25 61 20 23 61 3 53 5 45 48 29 10 23 11 13 61 48 58 56 55 21 42 56 14 54 54 37 51 47 48 38 49 50 59 34 0 26 34 16 54 2 30 29 16 39 29 0 34 39 52 41 0 14 16 5 52 8 4 36 47 3 38 29 36 56 33 30 32 37 29 39 45 38 1 27 56 29 29 19 37 11 41 44 0 46 62 1 38 59 32 41 46 56 44 21 26 10 10 45 23 15 45 46 25 62 16 19 47 9 9 30 0 19 26 31 43 26 0 10 50 30 8 44 26
58 0 54 33 14 8 56 11 0 47 37 59 61 5 9 62 50 0 3 37 28 44 20 51 5 60 48 33 12 5 19 63 61 28 1 16 56 54 54 0 42 59 61 40 35 57 64 48 62 0 29 37 29 44 14 5 36 47 4 11 59 40 25 10 4 29 16 5 20 26 32 28 62 50 31 13 1 44 11 59 62 1 27 34 38 45 17 30 10 62 51 44 41 13 30 63 27 21 26 12 19 28 25 4 12 30 51 62 23 63 39 26 10 50 28 11 22 27 53 2 8 24 3 44 23 47 21 50 38 50 30 0 46 38 4 44 47 8 16 28 1 34 46 43 39 50 48 63 45 5 0 54 25 54 32 10 39 9 5 45 0 51 58 10 53 4 39 50 0 24 14 50 30 27 30 49 20 37 48 5 61 8 30 30 21 61 0 63 12 58 39 59 18 8 33 47 9 39 62 7 38 19 63 43 30 8 54 46 23 32 21 43 9 58 3 29 25 21 62 0 26 59 19 45 0 44 49 50 22 1 58 30 28 51 63 47 33 7 3 41 16 1 58 64 41 48 53 39 42 27 29 4 19 33 35 44 28 59 62 48 21 0 28 43 16 20 29 45 39 55 56 32 42 37 38 7 42 35 16 29 53 44 5 50 21