T5 0 4
T1 4 17
T5 17 50
T0 50 63
T4 63 97
T1 97 134
T4 134 136
T0 136 323
T5 323 348
T4 348 405
T2 405 437
T4 437 505
T5 505 538
T2 538 573
T1 573 593
T3 593 613
B1 0 65
B0 65 95
B2 95 112
B1 112 124
B3 124 135
B1 135 142
B5 142 271
B3 271 274
B5 274 331
B4 331 471
B0 471 489
B5 489 572
B2 572 613
111 118 30 72 0 48 61 115 55 26 88 104 8 106 61 118 83 0 46 111 62 38 42 6 94 82 26 7 0 5 59 21 123 36 41 124 76 1 54 123 28 38 36 61 54 124 120 87 98 55 0 21 116 42 86 54 73 110 16 53 61 68 109 0 40 3 95 86 30 11 15 124 96 77 20 66 99 77 86 77 108 71 82 30 31 59 46 116 34 64 119 14 34 21 56 52 6 0 66 115 17 77 29 101 39 26 119 67 104 111 23 88 127 83 51 7 5 113 29 119 5 16 75 113 38 32 72 26 36 38 3 24 93 92 0 21 0 83 85 6 4 103 89 62 55 71 68 98 116 70 33 10 48 82 72 111 108 11 123 17 121 30 59 61 104 14 14 8 11 112 81 79 82 119 52 122 62 108 106 77 21 58 55 28 30 89 56 48 37 127 44 46 125 9 14 6 62 36 70 36 7 65 1 104 113 126 100 58 99 123 86 119 93 7 105 97 31 11 80 107 79 21 63 29 60 5 5 15 57 122 17 31 65 15 93 95 15 102 77 90 10 112 37 52 31 50 63 71 109 46 101 112 98 8 48 26 16 81 46 65 46 59 3 4 17 116 127 109 92 118 88 21 5 107 98 64 94 8 15 80 88 38 30 95 73 118 36 113 98 95 26 72 86 6 109 109 28 59 7 48 119 55 26 90 106 10 58 114 77 4 59 9 88 92 110 115 110 32 89 57 45 34 66 0 41 28 42 38 59 33 15 103 118 16 34 98 128 61 42 85 80 45 15 127 15 14 86 87 0 48 71 15 8 61 108 13 50 85 40 21 85 33 13 116 113 104 3 95 76 53 89 50 17 116 86 93 71 110 117 17 105 48 68 21 16 6 52 111 57 104 109 91 17 68 42 23 61 29 31 34 14 121 28 87 89 0 26 65 46 65 31 111 11 104 111 55 43 47 112 0 3 52 39 59 58 60 16 14 48 40 108 79 72 92 40 90 88 0 60 123 26 70 14 23 31 71 58 57 14 4 34 13 104 26 102 92 79 32 13 107 59 96 113 103 104 108 3 77 37 8 3 36 122 26 3 39 99 79 106 23 77 115 33 104 53 46 105 102 11 34 119 126 89 103 52 52 92 124 123 125 19 122 98 81 8 0 12 95 5 109 31 118 10 121 115 5 87 23 80 5 71 107 48 116 2 23 115 13 92 48 86 29 6 36 15 111 124 104 0 88 72 50 90 75 32 3 113 73 47 7 116 123 21 80 54 93 8 105 120 88 62 80 32 12 89 30 5 53 118 41 23 77 95 0 86 17 117 16 5 86 66 89 92 103 80 28 128 24 81 96 52 7 21 0 34 68 14 82 82 3 23 62 72 16 16 61 111 35 126 90 42 113 1 81
3 116 46 14 113 92 64 102 73 13 8 28 128 88 50 6 74 117 47 86 54 9 96 123 28 76 84 61 122 126 102 29 38 115 17 75 23 15 100 22 119 53 42 11 37 52 107 24 119 30 78 68 105 54 109 69 52 124 127 126 105 62 121 34 41 0 6 80 122 83 122 7 87 53 109 25 60 75 90 74 32 112 17 62 0 112 55 31 27 57 32 73 124 7 123 0 96 38 61 93 108 20 107 30 61 85 116 3 124 118 53 102 0 50 65 0 26 96 73 81 23 80 88 123 0 11 62 32 101 83 36 55 16 13 98 0 41 121 20 54 50 110 0 95 96 6 8 70 82 87 37 115 104 23 3 126 48 30 50 32 43 112 31 121 90 7 119 98 102 59 23 118 96 51 36 127 86 100 11 13 77 11 12 32 75 5 58 55 126 38 64 41 68 119 39 28 10 40 123 68 63 7 126 78 15 37 76 66 13 26 50 99 104 126 64 23 41 38 30 94 16 41 33 9 52 43 28 27 64 112 16 113 113 55 50 77 13 89 42 122 93 88 122 58 118 20 81 75 3 23 28 32 19 58 114 52 63 67 22 88 61 87 14 20 11 118 106 62 86 80 122 0 50 15 0 23 31 36 104 57 112 25 7 65 82 34 34 60 126 102 3 112 105 102 83 37 82 64 62 17 8 64 102 101 76 33 81 81 7 103 45 90 93 115 38 83 16 124 42 110 102 12 48 109 64 63 8 109 119 89 86 0 101 66 45 32 14 58 2 21 33 54 53 58 11 41 79 81 122 77 126 12 124 78 53 55 93 82 66 85 46 82 50 123 36 35 123 62 10 45 14 96 61 8 126 88 95 63 61 105 63 32 95 108 7 44 102 63 123 32 43 31 107 116 66 17 39 13 40 10 100 107 36 52 107 118 51 0 96 18 77 106 111 125 54 73 123 122 38 9 64 71 20 104 17 98 123 51 17 107 73 108 41 39 41 73 113 1 31 102 87 92 31 54 67 64 28 113 32 45 115 41 81 5 69 40 106 60 59 34 107 5 100 78 42 52 110 15 54 49 31 0 117 87 46 100 127 126 16 12 90 14 101 17 102 102 61 33 90 0 125 13 54 109 28 30 121 46 91 82 15 53 57 9 62 29 8 48 30 81 104 71 67 31 92 28 15 38 71 59 23 93 7 17 64 88 124 49 41 21 102 127 81 64 108 41 93 13 82 40 82 21 48 73 116 76 97 108 126 62 121 89 124 78 80 54 107 39 18 105 13 7 80 87 92 78 29 10 26 110 57 72 0 116 37 109 119 36 13 89 84 47 3 65 83 108 119 38 128 13 30 81 55 82 126 105 113 24 14 126 77 82 64 109 32 106 119 77 94 93 54 116 119 39