T2 0 82
T1 82 163
T2 163 172
T1 172 215
T0 215 292
B2 0 31
B0 31 54
B3 54 116
B0 116 148
B1 148 235
B3 235 240
B2 240 292
50 59 58 7 42 56 28 41 61 49 44 32 21 9 47 59 19 25 54 32 49 52 15 31 57 20 22 62 26 40 33 59 34 26 31 7 28 53 48 46 20 48 61 13 41 18 31 31 59 63 62 52 42 62 6 20 7 29 45 58 48 31 33 42 63 19 58 64 60 32 26 4 50 3 31 21 62 21 35 26 49 37 0 62 32 61 40 49 53 35 11 35 56 53 26 6 4 31 55 45 3 61 51 56 18 48 23 28 36 41 30 35 11 45 28 53 32 26 18 49 18 60 41 36 31 35 43 33 3 62 5 1 50 50 63 37 22 30 53 1 63 32 22 21 46 62 46 45 9 9 61 64 10 30 46 33 55 16 5 3 14 22 16 0 3 7 42 4 31 49 49 23 0 13 15 51 30 15 25 27 51 20 64 44 3 36 62 44 22 25 31 10 7 32 50 20 42 64 58 29 56 3 29 52 30 13 15 55 58 52 21 23 5 45 37 0 40 30 25 33 33 34 22 15 21 13 44 57 60 56 3 17 61 15 21 56 55 59 8 55 61 34 46 48 9 64 62 10 36 29 23 41 29 35 15 21 19 15 1 56 6 1 48 21 6 33 53 1 31 35 31 26 45 63 35 24 48 50 60 39 19 56 29 24 36 31 62 19 53 52 40 40 45
1 7 62 35 46 55 24 35 20 8 15 1 42 43 45 19 49 64 6 20 18 10 33 53 49 35 40 27 59 38 40 0 50 30 53 59 22 28 44 13 46 56 53 3 56 21 55 28 19 12 33 8 12 22 0 31 62 1 5 7 22 2 1 52 4 36 64 1 13 13 27 32 37 32 3 34 26 55 19 28 40 13 58 24 58 8 56 60 20 50 15 37 52 7 37 14 29 61 64 52 9 35 19 1 6 61 50 30 58 42 3 46 15 30 52 20 0 62 37 55 44 55 3 33 46 18 9 3 14 48 46 31 48 57 51 59 27 40 51 61 35 36 14 24 19 29 55 32 0 26 50 40 36 33 58 16 20 54 55 53 60 27 19 30 10 44 33 21 13 52 40 49 32 29 33 52 14 24 45 50 32 53 21 64 41 32 47 53 46 17 12 53 45 38 10 30 17 40 30 46 12 13 41 34 35 52 2 57 8 44 35 61 13 52 30 20 29 22 58 53 45 37 19 21 62 42 41 53 26 21 13 29 41 45 28 0 35 27 50 9 0 61 10 64 22 36 50 16 28 32 19 21 36 56 10 4 20 21 3 8 29 56 41 4 56 29 19 32 50 10 57 33 29 31 57 14 9 17 30 48 39 29 63 22 34 15 1 32 51 28 10 29 52