T6 0 18
T5 18 194
T2 194 203
T4 203 243
T0 243 384
T3 384 416
T1 416 452
T7 452 461
B1 0 81
B2 81 385
B0 385 407
B3 407 461
96 46 38 34 75 61 46 37 85 73 44 96 85 67 15 69 17 59 0 67 80 36 11 41 72 75 88 50 63 61 29 59 25 11 42 59 69 13 56 75 36 83 8 20 71 11 51 81 50 28 99 51 27 46 98 87 89 58 34 15 76 13 46 96 40 25 45 81 75 72 88 64 94 34 83 5 64 88 34 43 79 99 85 64 29 46 90 5 75 88 82 89 34 11 71 82 75 28 38 94 35 41 9 86 59 24 95 86 59 71 17 41 20 49 1 56 89 60 37 95 9 19 36 41 77 25 43 83 20 22 62 57 19 30 24 87 61 94 96 75 30 17 39 25 24 44 35 3 20 16 89 69 47 8 65 47 10 48 11 87 47 75 33 4 46 88 19 69 96 68 28 56 48 48 100 82 62 94 77 64 51 46 69 78 83 22 23 81 61 30 20 44 63 24 0 83 29 65 20 63 35 68 74 0 23 58 51 27 22 97 38 36 99 100 1 8 36 2 48 16 24 30 58 24 5 69 10 11 44 83 3 63 96 80 52 77 51 41 89 90 28 96 64 0 23 22 87 79 43 25 47 87 84 1 35 100 91 69 84 81 9 19 5 76 72 97 98 68 57 36 62 44 66 86 10 85 51 75 50 42 58 85 24 96 50 90 19 77 81 8 40 65 22 65 38 37 59 8 64 19 46 85 87 32 51 63 61 29 76 9 74 88 71 65 4 3 50 87 17 77 28 46 56 63 95 74 63 29 43 86 96 76 63 64 92 62 58 86 38 23 74 68 13 64 36 49 16 82 28 70 90 77 61 13 31 77 79 64 59 51 56 16 44 75 15 8 73 73 2 9 20 71 38 97 46 52 75 47 75 38 3 61 97 86 0 81 73 98 86 1 30 100 1 58 15 82 73 99 69 85 38 38 28 28 24 65 10 83 5 25 10 95 75 82 84 9 0 15 80 56 96 4 63 63 43 61 25 59 42 15 77 84 8 89 52 59 83 8 90 14 21 23 72 40 21 70 92 68 35 62 91 82 0 61 24 9 82 50 50 86 87 26
18 74 56 88 19 8 73 59 51 61 46 43 5 84 94 78 22 61 19 100 83 56 81 83 52 7 100 83 44 20 66 56 73 25 24 4 19 87 77 15 15 56 96 15 15 32 43 84 53 23 40 41 48 94 47 77 30 23 66 23 22 90 48 46 80 94 43 80 76 17 3 1 47 65 71 21 56 71 75 52 75 0 99 82 44 3 19 16 15 26 24 1 90 96 84 98 97 32 96 39 73 99 44 67 43 45 86 46 97 26 48 10 65 16 49 90 71 46 58 81 7 62 18 54 49 83 14 20 63 28 25 58 36 4 96 31 39 17 8 23 32 56 23 36 100 37 11 88 33 90 44 65 69 95 83 48 3 85 36 80 1 65 86 58 59 81 15 77 52 36 79 64 12 59 61 31 6 23 91 11 97 25 14 34 77 15 36 17 57 28 96 17 87 32 11 20 62 86 63 9 94 51 36 41 1 13 38 42 30 15 86 84 46 15 7 3 98 52 89 44 5 41 95 27 82 61 76 65 21 64 27 4 3 10 86 82 87 81 56 66 36 38 88 5 34 21 8 68 67 34 51 88 36 23 73 57 84 15 76 12 34 2 47 39 8 39 12 30 75 98 82 67 59 28 34 30 10 73 71 7 81 5 47 6 43 56 51 17 65 48 35 46 44 9 36 42 90 17 94 58 21 98 81 61 88 25 51 81 22 73 83 74 28 47 94 61 87 20 59 52 89 47 11 53 80 44 62 16 1 55 41 51 83 44 34 47 2 98 13 84 77 54 97 62 90 95 83 20 34 37 9 4 42 9 12 30 63 73 14 21 44 10 31 96 19 81 87 10 3 50 27 5 34 63 90 16 22 93 88 8 8 56 64 25 19 0 64 38 22 76 25 38 63 73 56 100 95 44 20 28 37 61 21 32 77 23 47 0 80 80 71 63 29 4 34 64 24 39 87 77 93 22 52 69 77 94 20 82 52 94 19 87 41 55 91 80 19 86 81 81 25 47 47 38 99 99 82 27 48 47 23 28 60 73 21 22 26 87 21 62 9 67