T2 0 18
T0 18 29
T2 29 36
T0 36 41
T1 41 78
T0 78 83
B0 0 6
B2 6 20
B1 20 43
B2 43 58
B0 58 83
37 5 29 23 4 32 11 3 31 30 9 8 37 4 39 37 26 20 0 6 12 7 40 17 25 13 28 5 37 0 3 33 31 40 31 7 0 12 34 8 3 0 20 15 2 6 10 38 16 38 2 8 11 27 15 12 1 19 34 23 16 1 26 18 29 12 8 34 39 26 7 8 9 37 6 28 25 32 0 27 6 7 28 35
28 9 24 24 3 12 0 28 21 18 39 19 16 25 37 21 3 3 14 14 0 9 38 30 22 26 0 20 39 33 35 5 5 8 11 34 23 22 35 13 20 2 15 0 7 16 21 13 31 27 35 25 4 30 7 13 34 31 0 13 34 9 27 36 15 4 14 21 30 13 2 20 38 20 28 23 10 36 9 12 17 31 14 11