T14 0 35
T6 35 48
T15 48 198
T3 198 255
T8 255 272
T2 272 320
T16 320 325
T9 325 340
T12 340 346
T13 346 392
T11 392 395
T10 395 429
T4 429 436
T5 436 442
T1 442 493
T0 493 507
T7 507 508
B10 0 23
B12 23 83
B8 83 127
B2 127 170
B15 170 224
B16 224 235
B0 235 247
B6 247 250
B3 250 278
B11 278 295
B5 295 361
B9 361 400
B1 400 409
B13 409 450
B4 450 464
B7 464 506
B14 506 508
99 94 70 49 13 125 87 50 66 65 57 127 46 113 12 117 82 76 99 27 16 65 91 18 71 98 33 66 99 17 21 116 74 112 7 0 117 107 115 98 57 10 29 74 47 45 33 10 0 70 20 24 63 79 53 107 3 108 27 116 39 7 114 1 64 120 84 118 108 107 6 64 20 30 17 1 49 94 97 122 71 99 80 89 48 68 109 13 117 79 124 118 83 79 63 59 33 17 92 55 120 92 107 53 80 101 12 65 20 107 7 122 93 61 64 47 29 18 1 74 90 82 19 47 108 103 42 112 39 104 101 18 23 57 12 117 18 25 52 9 14 8 13 17 8 108 75 55 41 36 12 119 119 107 47 23 93 37 101 106 18 80 23 68 104 31 61 123 95 27 120 4 20 65 97 94 122 36 18 53 93 64 17 56 10 123 47 95 61 87 125 13 43 123 120 12 5 17 0 53 65 8 46 57 65 29 12 99 116 61 34 33 56 66 94 53 124 95 34 101 21 126 33 21 35 7 117 107 115 58 8 61 122 28 105 93 18 114 109 125 29 128 13 82 123 62 87 57 120 17 128 112 42 21 9 0 77 7 7 49 99 16 24 7 110 21 124 21 21 114 93 44 0 52 65 95 10 89 25 82 108 92 13 74 57 7 96 49 6 12 22 70 64 118 122 55 55 79 41 108 27 123 59 82 32 95 94 27 74 32 57 114 71 116 54 102 17 55 57 92 0 65 79 74 75 0 111 75 49 124 65 12 120 118 21 15 122 101 57 98 0 67 75 125 40 69 0 79 49 66 74 124 109 64 13 36 94 116 18 109 109 53 53 94 7 48 41 14 98 74 113 108 38 107 93 78 82 13 31 65 109 50 31 112 96 82 8 49 101 122 123 13 0 37 24 0 49 13 101 71 116 36 79 59 98 119 93 24 122 54 38 5 99 106 5 79 49 98 22 106 112 88 42 7 71 25 94 33 54 0 12 18 23 2 98 57 0 113 64 11 120 45 0 65 118 23 7 57 126 8 125 11 23 82 47 7 23 86 116 93 36 85 99 112 74 122 28 64 15 27 64 9 53 26 40 47 12 57 31 8 65 21 83 78 118 123 118 71 59 33 13 116 59 0 48 86 66 122 71 34 114 70 45 47 99 109 74 0 33
1 97 73 33 53 2 122 79 1 21 23 119 93 71 60 17 18 24 57 83 118 49 94 0 77 72 85 33 74 123 79 12 46 81 68 51 3 7 116 96 114 9 8 61 76 98 120 1 23 7 126 61 103 7 39 21 107 32 70 32 87 23 71 48 17 48 93 8 120 14 13 58 13 117 119 36 94 61 114 124 67 117 57 0 112 14 121 95 12 14 123 110 23 47 61 13 1 4 125 107 82 63 17 49 5 9 20 106 42 82 63 109 53 99 16 71 12 105 66 121 36 75 116 53 65 86 119 0 82 74 108 5 49 91 5 47 17 112 66 8 87 78 9 99 21 53 85 23 107 82 74 43 77 63 8 116 94 70 98 92 89 65 100 61 82 25 8 110 18 39 0 93 92 18 71 43 118 61 126 121 128 112 29 122 117 99 71 6 120 66 94 109 21 98 23 125 61 94 80 109 28 17 53 82 124 118 112 47 30 114 33 98 61 55 56 124 79 43 71 111 97 123 124 116 0 93 71 114 94 52 99 124 41 92 17 0 55 118 63 34 105 20 122 13 35 95 33 0 12 52 0 107 114 84 71 28 27 22 70 127 16 41 82 8 47 80 66 59 57 53 120 33 124 79 19 112 24 100 0 55 93 68 124 49 86 112 86 90 117 5 46 48 48 112 63 0 88 107 8 93 124 72 102 33 29 18 24 94 124 117 66 112 27 32 18 118 78 81 36 75 60 112 71 44 66 117 66 114 21 123 110 54 98 22 70 64 20 99 117 41 51 128 85 49 80 62 98 86 83 49 66 89 82 53 47 107 14 123 17 69 125 0 109 114 61 114 66 116 74 117 99 92 65 95 120 116 94 24 124 26 45 120 114 18 65 23 77 32 123 41 6 58 119 128 66 17 53 116 79 57 0 32 74 63 59 87 20 120 64 0 23 80 79 114 96 124 14 109 21 123 123 47 114 128 121 23 61 109 98 105 107 1 9 117 109 12 120 73 119 112 109 87 49 47 127 13 48 33 8 93 0 123 5 128 29 98 101 74 117 18 8 58 80 29 0 12 120 117 118 79 14 64 64 107 33 86 79 75 56 128 86 59 9 118 7 66 122 64 118 47 118 98 87 122 75 61 64 113 127 116 99 32 93 21 109 64 0 41 122