T0 0 21
T2 21 113
T1 113 127
T0 127 360
T1 360 405
T2 405 674
T1 674 939
B0 0 36
B1 36 301
B0 301 340
B1 340 939
63 168 115 66 3 148 65 38 32 7 26 61 55 21 160 88 88 83 59 115 119 0 113 14 120 94 33 160 11 109 29 10 109 125 101 9 122 53 123 46 20 17 125 48 83 160 49 91 136 70 136 113 25 48 126 3 132 57 132 152 5 93 116 101 115 98 30 84 93 127 142 69 52 114 132 65 160 93 40 9 69 100 61 13 8 88 30 68 8 98 1 133 42 1 10 73 133 84 90 126 153 10 135 86 132 132 3 32 110 27 2 56 153 0 10 65 87 93 30 10 94 61 21 59 96 4 129 0 128 67 101 79 72 133 18 162 160 48 58 98 115 36 33 39 113 127 58 105 53 17 52 38 122 146 127 55 135 8 26 100 110 6 87 164 28 152 123 47 137 80 51 67 144 44 48 150 160 100 9 65 153 149 94 68 133 63 7 168 3 37 75 82 69 114 165 35 21 145 84 134 118 39 67 78 110 109 7 119 22 143 158 129 2 113 122 86 65 12 129 160 55 62 48 14 25 32 22 163 106 146 14 64 135 76 151 117 148 129 20 3 33 101 99 63 120 114 76 68 35 5 10 17 58 146 76 12 45 51 20 126 120 134 133 73 33 11 135 47 115 14 149 146 69 110 138 44 68 2 7 123 89 77 55 115 56 14 74 157 117 46 123 138 40 21 94 20 81 159 127 128 38 87 88 20 17 90 116 142 160 121 23 124 18 87 57 168 29 63 52 44 119 113 146 109 24 40 8 69 6 26 29 34 163 64 8 77 2 33 98 24 98 48 83 133 40 29 122 44 54 69 21 48 124 23 166 146 29 132 21 151 0 2 127 32 49 55 126 55 166 77 40 159 67 145 33 5 7 89 68 49 100 130 106 68 78 104 90 94 84 12 111 139 42 59 67 127 49 160 116 77 135 25 9 117 105 0 155 56 77 23 120 166 44 64 7 43 10 159 117 100 84 141 114 25 90 168 114 160 58 74 81 33 117 87 8 88 88 9 117 37 74 66 93 95 94 166 125 67 118 53 93 29 32 168 129 43 41 159 78 140 129 69 65 30 155 138 104 136 153 105 66 61 73 110 97 47 108 66 94 153 55 131 113 123 89 30 104 97 84 101 92 69 153 77 155 69 154 104 67 80 96 57 53 43 122 1 140 120 10 63 160 134 65 31 42 35 21 102 34 135 123 117 113 23 20 43 56 39 86 88 135 152 148 136 116 46 131 39 136 10 8 34 117 111 119 95 17 14 87 57 2 154 38 40 145 67 121 69 21 117 88 2 8 7 90 55 87 80 37 142 31 44 125 119 61 136 112 160 63 159 89 127 20 88 146 85 155 27 138 98 79 119 94 64 9 8 166 127 69 149 93 38 7 122 122 116 145 26 141 104 85 124 153 114 13 153 150 100 105 58 65 94 98 20 101 13 135 50 55 148 104 114 159 100 143 156 50 108 39 151 20 31 143 135 55 6 130 8 60 63 20 84 115 49 29 96 5 74 105 33 125 131 153 99 143 30 58 12 114 85 33 115 84 109 0 30 96 20 65 82 17 44 20 58 15 141 11 38 62 79 89 162 24 149 77 67 31 30 52 60 122 28 126 63 118 63 127 93 79 105 89 43 74 23 130 74 2 120 122 24 0 157 130 67 18 38 58 96 120 48 83 72 120 64 3 142 68 58 42 100 131 132 56 114 145 21 166 111 23 83 71 9 116 129 84 25 120 69 77 118 159 97 82 30 113 135 153 42 119 10 37 17 50 150 97 110 40 33 98 24 44 6 104 119 100 80 30 29 142 88 3 101 28 127 168 64 162 38 115 155 5 42 45 164 58 104 114 124 151 68 69 39 154 153 127 118 123 76 2 105 153 16 143 35 164 139 146 17 76 156 83 129 1 10 109 84 14 28 110 67 9 117 12 155 115 104 17 31 35 7 9 114 162 46 31 24 24 3 154 156 68 106 104 130 133 50 7 5 110 106 88 139 153 155 33 135 93 118 108 109 113 31 115 163 56 30 58 163 153 13 66 99 55 23 132 58 33 159 129 8 42 136 146 150 153 96 123 121 12 136 141 52 149 114 58 110 72 24 155 68 129 35 87 21 109 160 30 143 16 150 156 145 99 109 126 61 84 58 35 114
71 65 11 118 138 65 19 74 36 64 125 105 101 112 36 83 168 146 38 37 66 122 154 88 143 153 35 104 63 131 14 160 26 57 112 158 0 134 9 159 27 78 15 2 126 131 82 106 126 77 141 31 35 6 94 66 106 71 33 57 26 30 3 9 113 139 63 38 65 136 77 88 47 14 88 29 68 88 125 57 75 135 91 42 18 108 65 1 72 57 154 78 141 93 110 90 25 137 137 94 7 82 141 71 161 19 106 40 127 49 135 142 117 155 149 145 29 124 107 71 157 82 147 68 17 19 46 26 31 142 126 121 46 89 94 157 167 64 166 23 35 168 96 5 11 23 27 25 132 8 20 119 64 115 114 62 162 153 108 1 119 130 156 68 106 71 2 87 67 92 9 88 63 128 149 10 48 46 140 143 164 133 156 76 56 74 74 160 121 146 52 3 17 63 10 57 29 36 85 10 116 154 3 123 32 43 77 100 88 31 63 168 46 154 6 146 147 100 31 80 127 64 157 113 123 36 25 100 88 75 112 18 67 131 78 77 123 26 90 103 56 21 76 119 13 74 140 86 116 145 23 133 24 56 10 117 3 89 155 137 14 122 90 69 9 120 34 5 9 132 121 31 123 58 44 87 66 115 1 5 37 31 119 143 112 149 70 83 52 136 102 168 26 66 133 117 159 100 168 117 122 0 97 153 21 105 28 55 90 65 87 48 108 127 136 77 131 17 63 122 72 7 24 108 80 4 122 109 71 105 44 30 127 17 104 51 88 145 65 137 0 105 113 23 99 32 146 63 43 20 44 61 149 17 21 132 57 160 29 38 82 92 51 117 143 21 20 97 42 13 146 107 9 146 74 152 132 74 14 55 143 64 90 69 113 127 158 36 165 40 42 54 74 160 138 151 93 43 38 143 127 77 168 14 115 30 64 41 74 123 129 86 126 92 110 150 167 51 155 120 114 129 99 97 59 84 14 125 29 11 135 13 1 119 78 115 94 43 24 101 166 104 145 67 129 86 65 17 95 48 133 34 31 96 58 143 51 15 146 153 149 143 17 44 35 149 43 21 66 133 93 20 56 83 47 137 78 157 109 85 133 5 132 140 151 114 19 46 168 36 139 19 53 8 94 127 113 44 19 115 72 18 128 67 29 2 167 14 44 20 112 24 163 126 43 127 91 104 82 155 10 157 150 9 159 37 61 55 94 98 73 168 129 82 65 42 120 152 65 149 14 124 88 89 85 63 55 116 168 65 149 101 44 19 165 83 143 132 113 118 42 116 104 11 133 109 94 49 68 25 26 126 132 35 29 86 47 8 83 145 26 132 87 84 73 48 10 117 66 136 113 152 66 98 39 149 48 146 11 104 17 26 116 12 163 56 49 33 44 145 131 97 39 57 19 113 44 35 126 33 37 31 145 146 121 168 35 3 154 129 43 67 142 122 98 119 9 46 74 62 160 138 58 52 20 114 113 87 135 75 148 148 83 37 36 138 63 135 135 98 90 86 87 82 83 53 94 110 11 115 119 130 136 5 117 120 160 129 64 122 56 12 158 31 149 5 68 69 99 128 44 5 71 151 2 122 14 143 66 150 118 68 9 84 154 51 120 33 14 87 54 125 152 156 98 35 96 139 119 21 66 66 168 97 151 5 29 65 137 93 161 11 52 154 128 162 46 84 68 33 58 156 90 90 98 67 56 123 114 116 17 61 57 9 122 132 1 114 140 152 52 137 45 83 139 148 145 131 2 130 84 154 157 46 105 121 118 133 129 2 83 57 33 57 153 24 146 39 155 99 133 7 96 13 141 146 100 115 97 165 76 90 1 136 39 61 84 167 90 73 135 3 34 23 139 84 138 2 25 110 40 82 125 109 2 74 21 94 105 20 23 135 14 83 83 155 35 100 150 140 148 122 28 64 38 32 149 144 150 58 116 82 115 140 58 109 23 126 131 103 9 90 63 94 132 113 24 55 54 2 84 116 13 87 129 142 94 51 30 150 68 46 38 37 111 56 67 131 63 150 8 143 136 105 20 143 110 17 159 83 10 142 168 7 132 100 89 95 14 160 127 46 135 32 138 8 117 91 15 13 42 113 42 45 93 116 116 66 108 114 48 132 32 136 14 115 21 84 122 17