T15 0 61
T13 61 68
T2 68 76
T9 76 83
T16 83 135
T7 135 145
T17 145 148
T1 148 163
T10 163 219
T6 219 235
T3 235 256
T8 256 270
T11 270 323
T14 323 340
T18 340 399
T4 399 406
T12 406 426
T0 426 458
T5 458 541
B1 0 10
B4 10 48
B14 48 50
B10 50 137
B12 137 196
B7 196 238
B5 238 275
B6 275 279
B11 279 282
B9 282 304
B13 304 355
B8 355 382
B0 382 449
B2 449 531
B3 531 541
20 15 73 116 76 122 100 124 97 53 55 6 22 116 117 20 73 108 32 71 54 64 101 121 93 77 56 75 5 107 72 11 23 105 57 67 100 119 16 29 52 107 41 77 121 47 97 34 14 44 29 21 56 16 29 109 35 51 72 63 58 0 52 78 113 128 123 26 0 66 50 41 109 65 26 27 0 60 29 57 37 4 81 0 48 80 8 67 84 36 51 81 67 108 5 22 80 9 22 47 44 29 11 37 99 103 27 99 79 13 60 17 6 18 100 106 60 29 16 102 61 120 23 68 34 11 11 85 88 16 76 13 5 62 71 0 70 104 81 7 76 65 36 13 71 0 118 83 0 58 99 83 17 48 30 105 126 47 63 52 38 28 2 0 96 68 37 67 117 101 79 126 68 80 67 47 115 121 10 95 127 52 98 80 13 22 114 48 124 61 57 107 87 105 84 19 99 47 57 60 20 65 71 69 89 108 84 88 22 31 120 9 7 85 8 64 75 60 97 0 122 70 49 18 26 96 67 51 80 7 15 88 36 87 91 0 128 52 43 80 65 122 128 52 113 116 14 108 88 31 90 1 81 97 57 71 0 54 45 35 76 83 117 124 97 9 87 13 36 78 0 9 57 47 75 85 36 123 84 51 56 27 69 20 54 102 16 90 56 44 7 73 40 89 75 127 111 88 110 63 98 128 46 127 7 47 66 83 22 1 124 105 26 31 23 22 97 94 60 98 115 99 57 0 113 10 96 52 119 81 8 40 68 39 109 10 65 25 83 13 0 93 116 37 100 82 97 88 102 69 26 24 100 26 26 84 119 24 5 68 1 75 103 101 118 6 75 48 87 2 83 119 47 116 78 34 53 76 7 11 90 3 36 77 14 120 111 26 87 99 35 69 22 108 58 89 44 58 110 0 77 128 7 122 99 108 0 113 7 45 105 124 51 125 49 119 98 73 108 1 3 80 59 102 13 7 0 104 120 67 85 83 50 96 97 114 22 47 115 37 77 69 125 54 122 21 5 116 104 120 11 30 84 88 11 20 5 89 0 36 26 104 97 63 20 124 91 14 66 77 68 40 128 98 67 122 9 84 52 93 93 37 98 46 114 29 105 16 126 93 69 14 127 100 35 30 34 109 67 127 114 56 2 62 124 85 68 63 46 51 5 27 90 31 7 64 54 124 13 35 37 83 16 14 6 84 122 119 31 5 56 104 44 124 23 97 104 96 41 29 17 69
40 42 105 69 58 88 117 115 27 57 0 8 80 84 119 44 16 25 28 65 7 27 26 71 104 37 45 116 46 51 102 86 49 59 119 128 103 5 29 49 88 17 97 104 100 29 11 93 0 10 0 101 14 93 3 101 71 42 83 31 48 47 107 98 37 69 45 82 74 34 67 27 17 62 14 76 65 48 1 18 52 72 98 81 29 37 67 57 109 114 20 14 40 105 91 105 124 126 17 31 100 68 93 100 5 17 60 91 80 39 122 68 40 63 5 10 92 99 18 77 84 107 113 26 7 71 128 71 74 127 38 127 56 66 112 116 75 0 93 23 88 57 75 11 122 66 119 10 22 6 10 89 75 63 77 95 124 54 109 81 86 77 99 34 82 1 32 65 57 4 96 23 77 65 44 71 105 6 128 114 62 60 3 68 35 92 109 95 99 19 80 21 13 67 66 47 0 75 80 63 17 35 127 18 36 7 107 42 58 66 62 80 104 14 35 18 108 76 70 10 66 38 13 6 46 120 6 89 27 104 104 124 2 76 63 10 63 104 0 100 14 31 72 77 102 69 111 63 102 78 73 77 64 93 6 41 65 128 120 1 98 121 97 46 59 11 103 128 56 35 108 55 3 18 55 0 105 69 44 0 89 40 0 47 120 65 9 44 75 52 11 1 30 44 64 55 13 73 48 11 42 83 80 116 0 35 42 87 7 33 82 101 56 75 106 53 115 127 88 116 76 49 71 111 10 1 47 21 64 99 6 1 55 1 122 51 6 116 93 48 63 62 76 68 22 105 48 121 58 35 29 127 6 122 30 0 89 53 127 18 82 127 49 57 111 35 22 116 29 96 8 5 55 111 63 107 77 75 13 98 76 96 0 65 10 119 114 101 60 41 89 46 35 73 52 29 41 117 89 117 10 48 30 113 115 12 43 67 120 81 26 37 21 1 123 70 42 64 37 108 109 101 21 75 96 36 27 56 73 35 122 33 80 86 26 82 28 93 40 126 112 46 76 60 55 52 68 36 126 0 122 59 9 122 88 11 84 11 93 22 103 106 67 118 107 125 83 56 96 56 8 110 123 120 22 23 86 57 103 106 16 95 71 37 9 19 64 114 47 84 83 102 104 23 19 110 77 28 120 94 1 98 66 3 98 68 49 26 12 99 62 104 38 71 63 55 37 27 85 105 58 98 14 66 120 128 121 118 98 68 57 0 49 20 105 69 16 1 93 125 71 62