T8 0 21
T10 21 45
T3 45 154
T1 154 178
T6 178 190
T5 190 192
T9 192 207
T5 207 229
T4 229 232
T2 232 395
T0 395 410
T7 410 426
T11 426 472
T0 472 528
T10 528 538
B1 0 29
B5 29 42
B1 42 54
B9 54 132
B0 132 149
B10 149 165
B2 165 195
B13 195 206
B8 206 278
B6 278 292
B7 292 328
B3 328 331
B13 331 363
B4 363 428
B12 428 468
B11 468 501
B7 501 538
104 65 110 98 18 69 45 98 67 89 23 108 115 53 97 62 87 96 73 66 7 0 29 98 98 51 121 97 26 58 33 115 68 4 10 39 107 39 68 91 26 18 38 18 73 0 92 20 69 111 113 41 15 79 110 55 43 112 66 31 47 42 88 100 60 64 74 45 119 21 6 55 22 26 32 41 40 115 67 100 83 126 46 31 14 47 96 57 13 16 111 114 7 118 104 61 68 11 77 27 42 89 44 7 112 46 112 71 94 75 107 118 31 82 2 117 26 111 68 101 117 119 58 57 105 91 19 116 56 40 13 60 63 17 9 44 42 24 103 23 103 28 114 44 25 25 68 22 83 61 33 119 7 27 0 78 4 34 22 81 114 13 71 128 104 124 1 45 124 58 40 55 25 109 33 110 47 35 0 108 115 104 41 108 43 82 80 99 32 106 0 19 0 90 111 86 70 79 57 115 99 31 74 32 60 86 31 0 87 100 49 105 74 60 81 106 78 81 4 3 91 122 19 117 40 81 19 15 19 0 6 115 0 83 106 107 81 67 46 83 76 69 56 103 78 55 40 61 47 41 22 18 109 33 49 103 101 37 36 39 25 81 62 30 53 26 24 15 111 47 112 42 4 52 77 76 28 9 107 52 20 83 33 126 90 82 67 50 51 122 83 93 30 71 122 110 33 51 96 67 112 84 106 115 65 124 76 58 12 78 1 113 108 40 57 113 58 28 45 89 122 115 81 75 9 113 81 46 35 80 15 99 43 19 1 118 40 62 52 127 10 34 2 61 65 37 116 90 109 72 24 83 12 90 23 90 17 94 124 7 53 89 72 19 14 71 13 106 24 40 37 53 27 80 122 10 2 128 35 102 56 55 43 109 59 73 44 63 43 89 114 104 52 115 123 0 116 122 40 29 89 46 73 38 44 49 63 115 90 1 0 121 59 9 40 2 11 101 21 118 46 4 10 91 62 25 0 99 56 72 63 116 12 83 9 4 91 13 113 68 24 109 119 5 71 82 122 82 99 30 98 89 58 46 30 28 59 112 28 59 73 72 26 103 0 81 44 17 8 4 111 13 0 65 63 3 109 9 32 33 106 61 40 13 13 4 67 23 110 23 6 22 21 108 122 126 114 52 93 55 6 15 35 6 34 108 85 13 109 48 2 52 120 89 93 52 64 96 96 98 96 35 38 67 33 27 99 24 0 124 69 118 9 51 32 79 51 94 86
88 21 121 118 95 98 106 44 43 25 93 31 42 124 63 15 63 59 56 69 13 51 17 109 84 120 2 50 67 0 72 27 41 16 29 63 89 94 82 73 23 78 0 42 113 2 122 39 71 26 116 53 118 65 0 38 33 38 83 103 35 123 51 47 30 51 78 82 62 2 24 4 77 21 69 111 44 122 81 96 71 125 110 44 124 37 68 40 112 112 33 82 124 109 12 40 32 108 91 116 60 15 33 52 15 22 115 53 33 43 69 104 127 4 91 94 47 122 63 81 90 54 59 55 111 23 113 106 119 14 122 56 0 43 34 106 116 119 63 46 59 82 72 92 37 100 102 82 103 0 24 54 85 15 28 126 11 15 29 31 61 15 32 29 94 0 94 71 119 110 124 53 31 29 7 42 52 77 90 68 43 25 86 119 35 122 16 76 44 116 66 2 4 103 24 0 17 80 55 98 13 45 44 101 74 34 0 14 34 63 106 16 100 94 65 89 91 94 81 5 24 69 106 22 38 63 103 83 124 93 25 30 30 11 49 11 64 42 81 34 4 34 60 90 42 113 95 98 68 70 29 71 69 119 76 4 121 19 51 18 47 72 10 116 101 63 53 109 96 96 98 11 94 59 126 56 96 41 0 47 103 47 82 83 117 56 112 116 58 75 106 48 0 60 30 113 74 79 19 100 17 44 64 14 39 89 113 2 72 91 78 26 68 115 35 46 2 47 97 128 23 9 104 58 120 83 82 8 0 40 6 0 42 56 4 66 55 33 101 98 124 10 39 30 23 110 2 58 73 98 52 79 116 71 19 52 122 90 29 68 91 31 24 0 76 83 106 73 1 116 96 29 22 125 49 109 64 99 37 34 18 112 71 111 113 17 120 99 119 65 103 47 119 72 112 21 71 94 7 14 56 126 99 83 112 9 91 118 55 42 103 108 2 113 26 49 62 33 15 15 82 86 96 57 87 26 63 61 0 116 69 74 32 91 108 116 29 118 119 21 42 111 100 108 103 31 65 96 27 11 22 36 96 124 45 1 94 72 53 91 24 57 53 75 8 26 93 11 0 106 104 93 86 75 26 99 43 81 44 15 21 55 13 115 34 65 30 64 60 8 90 109 75 93 91 58 55 9 90 118 103 0 17 47 100 100 51 53 115 46 7 68 90 114 23 0 47 44 52 22 128 2 65 109 113 113 89 61 79 78 53 87 82 90 59 100 97 59 109