T3 0 36
T2 36 50
T0 50 105
T1 105 145
T3 145 162
T5 162 169
T0 169 199
T3 199 267
T5 267 269
T2 269 273
T6 273 281
T5 281 308
T3 308 393
T5 393 452
T4 452 486
T3 486 516
T1 516 558
T5 558 567
T4 567 573
B3 0 109
B4 109 348
B3 348 415
B0 415 430
B4 430 470
B2 470 476
B1 476 512
B0 512 521
B4 521 551
B2 551 554
B1 554 559
B0 559 573
62 52 106 50 14 10 4 91 32 53 114 54 26 63 85 7 33 23 55 56 86 55 101 89 36 32 41 122 86 125 5 111 94 122 108 3 0 88 109 11 118 69 11 57 38 29 107 71 56 35 0 109 95 51 34 20 26 48 63 30 76 125 41 71 85 26 46 55 82 125 111 86 63 79 15 98 3 76 111 55 116 54 1 4 86 53 64 24 116 106 105 11 79 111 96 38 35 122 16 104 51 75 119 109 65 0 32 123 13 22 98 119 95 3 9 105 16 4 93 63 116 79 95 40 22 109 20 16 101 116 41 53 33 84 75 51 5 74 95 86 109 105 15 98 122 0 80 0 29 26 45 49 65 19 92 81 82 103 47 56 19 117 0 19 29 37 81 71 81 0 30 57 121 68 101 24 117 50 10 108 93 46 121 22 121 75 27 106 56 47 38 88 65 4 6 32 79 54 33 0 11 56 49 44 104 79 33 15 11 16 22 23 35 67 31 9 20 41 9 67 89 76 29 15 105 33 107 95 76 57 52 8 98 117 51 64 34 91 86 26 117 88 76 47 56 76 65 47 4 34 23 82 26 68 76 84 84 42 77 55 85 11 109 85 24 61 31 0 6 0 83 13 66 0 103 34 41 106 103 13 110 0 109 27 17 62 45 63 81 16 57 53 105 50 20 101 1 110 26 24 99 51 92 95 44 29 28 94 0 117 19 9 41 29 64 30 63 24 29 82 116 63 125 109 74 15 75 19 72 81 109 28 108 50 60 79 83 81 106 103 121 103 1 72 91 15 25 116 53 19 76 32 112 84 10 117 62 82 113 86 51 75 76 98 108 7 128 126 118 48 111 28 23 91 105 48 91 63 85 32 110 9 125 76 49 10 71 20 13 42 10 34 20 0 108 108 37 62 15 96 40 96 38 11 126 91 21 35 10 106 58 9 96 85 31 85 119 104 2 121 24 63 66 32 69 106 115 79 31 69 114 64 84 24 117 118 64 96 30 26 54 11 115 15 66 56 13 64 2 16 18 116 0 81 70 29 56 2 120 128 97 122 43 88 118 23 29 23 100 48 128 105 56 7 104 28 13 34 32 64 2 54 8 23 64 85 0 106 109 62 97 57 13 64 121 96 28 117 104 53 81 34 84 100 34 116 83 107 69 54 60 96 52 73 122 98 0 95 54 24 125 82 108 83 91 6 47 116 34 63 114 40 43 27 114 106 119 31 38 61 47 54 96 24 67 88 82 107 64 13 38 24 98 16 60 60 64 96 0 63 87 54 107 26 109 8 55 0 82 30 48 4 20 85
105 53 31 36 108 3 57 75 1 35 21 7 73 116 62 113 95 50 4 111 10 28 108 38 69 96 61 25 71 2 47 104 26 9 18 28 61 118 65 62 55 76 69 31 56 74 84 79 80 49 106 119 39 83 82 92 45 30 4 117 111 67 80 125 105 82 75 57 6 52 1 40 27 34 24 8 47 82 26 4 19 104 55 38 124 16 126 29 38 48 88 48 2 107 6 16 37 26 3 114 92 28 83 62 54 8 114 118 48 0 74 18 50 119 108 1 88 122 82 47 43 121 79 50 34 63 29 23 107 28 76 33 122 115 59 57 122 55 119 34 69 118 43 128 108 38 84 34 76 122 37 45 50 80 126 119 105 118 90 60 23 23 84 63 105 72 115 39 110 119 16 4 9 88 119 111 119 84 29 118 23 27 9 71 87 128 39 6 75 100 41 58 41 49 51 48 6 111 6 40 68 3 67 60 82 88 53 74 122 55 74 19 77 12 106 23 35 55 29 0 106 12 122 31 83 126 118 104 77 62 49 77 79 125 118 93 15 12 77 35 109 35 74 35 116 79 49 86 75 107 15 8 35 122 81 14 41 48 6 16 83 65 61 38 76 83 78 98 71 4 56 104 75 3 42 119 17 113 61 7 104 40 72 88 6 63 32 53 96 106 64 101 55 124 77 91 24 83 83 125 121 6 106 63 82 26 65 31 113 85 39 118 91 35 9 65 5 61 6 119 91 48 59 69 51 85 2 56 1 28 75 107 12 7 84 75 48 11 2 7 86 47 79 122 29 19 105 7 0 122 51 4 70 127 68 25 69 86 116 11 63 40 113 104 35 39 43 13 42 82 93 32 43 128 115 64 28 113 53 55 45 29 104 121 48 117 10 66 117 7 78 31 56 53 106 64 64 78 96 108 34 71 83 71 116 76 3 45 53 101 24 102 64 61 60 0 104 47 28 69 96 37 24 79 85 6 91 82 96 1 0 105 41 83 81 106 92 56 34 55 7 86 9 9 108 51 5 110 112 39 59 90 75 37 62 54 69 79 117 115 4 78 7 109 25 11 20 108 127 38 0 122 105 60 59 107 0 83 9 119 9 16 100 41 35 49 46 4 54 28 85 85 103 29 11 74 7 56 48 0 34 76 109 91 16 124 35 19 61 85 40 47 0 108 13 56 30 121 85 18 52 0 111 69 104 125 99 46 71 86 26 2 55 110 31 61 84 123 31 9 60 107 118 6 120 67 77 104 9 55 124 0 108 107 0 102 75 23 41 0 104 126 2 28 60 77 92 116 52 118 23 27 16 30