T0 0 65
T11 65 90
T3 90 107
T10 107 135
T7 135 146
T4 146 164
T2 164 189
T12 189 217
T1 217 222
T9 222 226
T8 226 229
T5 229 261
T6 261 267
B3 0 87
B1 87 102
B0 102 117
B7 117 134
B4 134 187
B8 187 242
B6 242 262
B2 262 264
B5 264 267
6 9 6 42 2 85 74 79 86 58 39 34 14 44 69 70 81 7 72 2 3 13 96 48 81 14 92 42 50 6 37 79 57 13 85 76 54 65 86 91 41 70 58 18 1 17 98 3 77 78 35 38 82 49 11 40 73 66 78 86 60 88 19 64 33 0 70 69 57 20 21 7 69 52 77 28 30 87 91 77 3 77 36 7 17 60 93 35 22 1 0 96 100 44 37 37 60 55 95 69 12 98 3 24 78 71 12 0 1 92 85 51 68 29 66 93 19 62 53 64 63 17 92 27 25 44 23 58 87 76 83 72 99 21 86 0 85 97 60 77 28 38 86 32 73 73 0 62 33 79 15 43 92 92 15 33 78 12 67 47 40 84 10 98 0 54 50 63 31 96 24 86 17 2 93 74 50 80 71 58 1 26 8 26 65 4 99 17 58 0 87 93 52 77 59 68 11 73 12 64 9 48 62 4 72 25 1 83 22 64 84 13 9 82 99 79 80 0 51 78 22 85 0 70 61 46 0 91 61 0 42 49 16 6 87 57 59 19 81 8 89 80 2 71 45 68 32 16 18 39 71 9 68 85 82 37 42 81 30 34 78 0 20 45 9 73 59 73
53 66 51 60 75 41 5 2 11 33 15 71 84 15 79 5 64 56 73 70 7 50 97 25 40 68 56 63 67 95 78 97 91 46 84 7 99 30 32 80 2 63 31 35 24 21 68 84 88 88 45 100 77 100 4 8 4 1 97 42 8 64 69 70 69 58 99 44 46 90 74 52 75 44 49 7 80 42 62 57 25 1 52 34 2 18 70 0 88 57 76 22 9 5 14 2 87 62 50 10 7 22 0 65 47 56 28 76 63 14 56 63 86 51 73 35 18 0 8 87 74 34 56 65 54 16 46 100 51 97 89 27 83 66 0 66 84 96 23 6 87 28 84 40 62 6 4 63 40 39 57 84 13 95 86 58 53 28 42 76 60 50 12 94 79 13 22 4 11 5 44 66 62 40 42 83 7 39 74 1 72 53 36 28 27 57 56 0 99 36 59 64 63 24 43 91 64 70 31 80 95 58 71 15 28 41 54 67 28 30 98 77 32 94 93 76 60 9 15 38 9 13 36 55 53 87 41 12 62 17 38 99 91 25 29 53 67 12 74 25 57 56 0 19 65 93 19 51 49 65 92 45 99 19 16 60 56 78 97 90 31 12 0 21 0 8 27 82